# door_use: spawn (4,8) dir 1 (east). controlx controly buttons.
# forward (controly -35) + Use held (buttons 8): open the door at (8,8) and pass through.
0 -35 8
0 -35 8
0 -35 8
0 -35 8
0 -35 8
0 -35 8
0 -35 8
0 -35 8
0 -35 8
0 -35 8
0 -35 8
0 -35 8
0 -35 8
0 -35 8
0 -35 8
0 -35 8
0 -35 8
0 -35 8
0 -35 8
0 -35 8
0 -35 8
0 -35 8
0 -35 8
0 -35 8
0 -35 8
0 -35 8
0 -35 8
0 -35 8
0 -35 8
0 -35 8
0 -35 8
0 -35 8
0 -35 8
0 -35 8
0 -35 8
0 -35 8
0 -35 8
0 -35 8
0 -35 8
0 -35 8
0 -35 8
0 -35 8
0 -35 8
0 -35 8
0 -35 8
0 -35 8
0 -35 8
0 -35 8
0 -35 8
0 -35 8
0 -35 8
0 -35 8
0 -35 8
0 -35 8
0 -35 8
0 -35 8
0 -35 8
0 -35 8
0 -35 8
0 -35 8
0 -35 8
0 -35 8
0 -35 8
0 -35 8
0 -35 8
0 -35 8
0 -35 8
0 -35 8
0 -35 8
0 -35 8
0 -35 8
0 -35 8
0 -35 8
0 -35 8
0 -35 8
0 -35 8
0 -35 8
0 -35 8
0 -35 8
0 -35 8
0 -35 8
0 -35 8
0 -35 8
0 -35 8
0 -35 8
0 -35 8
0 -35 8
0 -35 8
0 -35 8
0 -35 8
0 -35 8
0 -35 8
0 -35 8
0 -35 8
0 -35 8
0 -35 8
0 -35 8
0 -35 8
0 -35 8
0 -35 8
0 -35 8
0 -35 8
0 -35 8
0 -35 8
0 -35 8
0 -35 8
0 -35 8
0 -35 8
0 -35 8
0 -35 8
0 -35 8
0 -35 8
0 -35 8
0 -35 8
0 -35 8
0 -35 8
0 -35 8
0 -35 8
0 -35 8
0 -35 8
0 -35 8
0 -35 8
0 -35 8
0 -35 8
0 -35 8
0 -35 8
0 -35 8
0 -35 8
0 -35 8
0 -35 8
0 -35 8
0 -35 8
0 -35 8
0 -35 8
0 -35 8
0 -35 8
0 -35 8
0 -35 8
0 -35 8
0 -35 8
0 -35 8
0 -35 8
0 -35 8
0 -35 8
0 -35 8
0 -35 8
0 -35 8
0 -35 8
0 -35 8
0 -35 8
