# item_pickup: spawn (2,8) dir 1 (east). Walk east over ammo(4) key(6) treasure(8) firstaid(12);
# a guard at (13,8) shoots, so health drops before the (east) first-aid heals it.
0 -35 0
0 -35 0
0 -35 0
0 -35 0
0 -35 0
0 -35 0
0 -35 0
0 -35 0
0 -35 0
0 -35 0
0 -35 0
0 -35 0
0 -35 0
0 -35 0
0 -35 0
0 -35 0
0 -35 0
0 -35 0
0 -35 0
0 -35 0
0 -35 0
0 -35 0
0 -35 0
0 -35 0
0 -35 0
0 -35 0
0 -35 0
0 -35 0
0 -35 0
0 -35 0
0 -35 0
0 -35 0
0 -35 0
0 -35 0
0 -35 0
0 -35 0
0 -35 0
0 -35 0
0 -35 0
0 -35 0
0 -35 0
0 -35 0
0 -35 0
0 -35 0
0 -35 0
0 -35 0
0 -35 0
0 -35 0
0 -35 0
0 -35 0
0 -35 0
0 -35 0
0 -35 0
0 -35 0
0 -35 0
0 -35 0
0 -35 0
0 -35 0
0 -35 0
0 -35 0
0 -35 0
0 -35 0
0 -35 0
0 -35 0
0 -35 0
0 -35 0
0 -35 0
0 -35 0
0 -35 0
0 -35 0
0 -35 0
0 -35 0
0 -35 0
0 -35 0
0 -35 0
0 -35 0
0 -35 0
0 -35 0
0 -35 0
0 -35 0
0 -35 0
0 -35 0
0 -35 0
0 -35 0
0 -35 0
0 -35 0
0 -35 0
0 -35 0
0 -35 0
0 -35 0
0 -35 0
0 -35 0
0 -35 0
0 -35 0
0 -35 0
0 -35 0
0 -35 0
0 -35 0
0 -35 0
0 -35 0
0 -35 0
0 -35 0
0 -35 0
0 -35 0
0 -35 0
0 -35 0
0 -35 0
0 -35 0
0 -35 0
0 -35 0
0 -35 0
0 -35 0
0 -35 0
0 -35 0
0 -35 0
0 -35 0
0 -35 0
0 -35 0
0 -35 0
0 -35 0
0 -35 0
0 -35 0
0 -35 0
0 -35 0
0 -35 0
0 -35 0
0 -35 0
0 -35 0
0 -35 0
0 -35 0
0 -35 0
0 -35 0
0 -35 0
0 -35 0
0 -35 0
0 -35 0
0 -35 0
0 -35 0
0 -35 0
0 -35 0
0 -35 0
0 -35 0
0 -35 0
0 -35 0
0 -35 0
0 -35 0
0 -35 0
0 -35 0
0 -35 0
0 -35 0
